[app/ui]
version = 7.2.6
modtime = 1559173532.675989000

[app/launcher]
version = 7.2.6
modtime = 1559173532.677900000
